# This file may be used to create an environment using:
# $ conda create --name <env> --file <this file>
# platform: win-64
# created-by: conda 25.9.0
blinker=1.9.0=pyhff2d567_0
brotli-python=1.1.0=py312hbb81ca0_4
bzip2=1.0.8=h0ad9c76_8
ca-certificates=2025.8.3=h4c7d964_0
certifi=2025.8.3=pyhd8ed1ab_0
cffi=2.0.0=py312he06e257_0
charset-normalizer=3.4.3=pyhd8ed1ab_0
click=8.3.0=pyh7428d3b_0
colorama=0.4.6=pyhd8ed1ab_1
dash=3.2.0=pyhd8ed1ab_0
dash-bootstrap-components=2.0.4=pyhcf101f3_0
flask=3.1.2=pyhd8ed1ab_0
h2=4.3.0=pyhcf101f3_0
hpack=4.1.0=pyhd8ed1ab_0
hyperframe=6.1.0=pyhd8ed1ab_0
icu=75.1=he0c23c2_0
idna=3.10=pyhd8ed1ab_1
importlib-metadata=8.7.0=pyhe01879c_1
itsdangerous=2.2.0=pyhd8ed1ab_1
jinja2=3.1.6=pyhd8ed1ab_0
libblas=3.9.0=35_h5709861_mkl
libcblas=3.9.0=35_h2a3cdd5_mkl
libexpat=2.7.1=hac47afa_0
libffi=3.4.6=h537db12_1
libhwloc=2.12.1=default_h64bd3f2_1002
libiconv=1.18=hc1393d2_2
liblapack=3.9.0=35_hf9ab0e9_mkl
liblzma=5.8.1=h2466b09_2
libsqlite=3.50.4=hf5d6505_0
libwinpthread=12.0.0.r4.gg4f2fc60ca=h57928b3_9
libxml2=2.15.0=ha29bfb0_1
libxml2-16=2.15.0=h06f855e_1
libzlib=1.3.1=h2466b09_2
llvm-openmp=21.1.2=hfa2b4ca_2
markupsafe=3.0.3=py312h05f76fc_0
mkl=2024.2.2=h57928b3_16
narwhals=2.6.0=pyhcf101f3_0
nest-asyncio=1.6.0=pyhd8ed1ab_1
numpy=2.3.3=py312ha72d056_0
openssl=3.5.4=h725018a_0
packaging=25.0=pyh29332c3_1
pandas=2.3.3=py312hc128f0a_1
pip=25.2=pyh8b19718_0
plotly=6.3.0=pyhd8ed1ab_0
pycparser=2.22=pyh29332c3_1
pysocks=1.7.1=pyh09c184e_7
python=3.12.11=h3f84c4b_0_cpython
python-dateutil=2.9.0.post0=pyhe01879c_2
python-tzdata=2025.2=pyhd8ed1ab_0
python_abi=3.12=8_cp312
pytz=2025.2=pyhd8ed1ab_0
requests=2.32.5=pyhd8ed1ab_0
retrying=1.4.2=pyhe01879c_0
setuptools=80.9.0=pyhff2d567_0
six=1.17.0=pyhe01879c_1
tbb=2021.13.0=h18a62a1_3
tk=8.6.13=h2c6b04d_2
typing_extensions=4.15.0=pyhcf101f3_0
tzdata=2025b=h78e105d_0
ucrt=10.0.26100.0=h57928b3_0
urllib3=2.5.0=pyhd8ed1ab_0
vc=14.3=h41ae7f8_31
vc14_runtime=14.44.35208=h818238b_31
vcomp14=14.44.35208=h818238b_31
werkzeug=3.1.3=pyhd8ed1ab_1
wheel=0.45.1=pyhd8ed1ab_1
win_inet_pton=1.1.0=pyh7428d3b_8
zipp=3.23.0=pyhd8ed1ab_0
zstandard=0.25.0=py312he5662c2_0
zstd=1.5.7=hbeecb71_2
